R = [0,0,1,0,0,0,0;
     0,0,0,0,1,0,0;
     0,0,0,0,0,1,0;
     0,0,0,0,0,0,1];

G = [1,     1,    1,     0,     0,     0,     0;
     1,     0,    0,     1,     1,     0,     0;
     0,     1,    0,     1,     0,     1,     0;
     1,     1,    0,     1,     0,     0,     1];

H = [1,0,1,0,1,0,1;
     0,1,1,0,0,1,1;
     0,0,0,1,1,1,1];

I = [1,1,1,0;
     0,1,0,0;
     1,1,0,0;
     1,0,1,1];

S = [1,	1,	1,	0;
    0,	1,	0,	0;
    1,	1,	0,	0;
    1,	0,	1,	1];

invI = [0,    1,     1,     0;
        0,    1,     0,     0;
        1,    0,     1,     0;
        1,    1,     0,     1];